37
53
0 7 122.3
0 11 45.2
1 2 126.7
1 4 25.4
2 3 107.4 
2 5 54.2
3 6 66.4
4 5 143.7
4 7 59.3
5 6 70.9
5 9 78.8
6 10 92.9
7 8 45.5
8 9 86.8
8 13 76.5
9 10 102.9
9 15 57.1
10 16 30.2
10 18 50.3
11 12 39.2
12 13 18.5
12 20 73.7
13 14 27.5
14 15 18.3
14 21 43.7
15 21 44.4
16 17 32.0
16 23 92.1
17 18 22.0
17 24 49.5
18 19 25.4
19 25 45.5
20 21 30.7
20 26 115.6
21 22 42.9
22 36 59.3
22 28 121.2
23 29 47.9
24 25 23.3
24 29 76.5
25 35 168.5
26 27 18.0
26 30 61.0
27 28 24.3
27 31 43.9
28 36 52.4
29 33 91.5
30 31 25.7
30 32 46.8
32 33 113.2
32 34 67.7
33 35 36.0
33 34 180.2
